00001010 01000111 00100000 01010101 00001010 00001010 101100000 01101001 00100000 101111110 01101001 01101110
01101001 01100001 00100000 01110011 01101011 01101001 01110010 01110100 01100001 00100000 01110100 01100001
01110101 00100000 10000000010011 00100000 01101110 01100101 01110100 00100000 01101010 01100101 01101001 00100000
01101110 01101001 01100101 01101011 01100001 01110011 00100000 01110100 01100001 01110101 00100000 01101110
01101001 01100101 01101011 01100001 01100100 01100001 00100000 01101110 01100101 01101100 01100101 01101001
01100100 101111110 01101001 01100001 00100000 01100111 01100001 01101100 01110110 01101111 01110100 01101001
00100000 01101100 01100001 01101001 01110011 01110110 01100001 01101001 00101110 00100000 01001110 01100101
01110100 00100000 01101010 01100101 01101001 00100000 01100101 01110011 01101001 00100000 01110100 01100001
01101101 01110011 01101111 01110011 00100000 01110110 01100001 01101100 01100100 01101111 01101101 01100001
01110011 00101100 00100000 101111110 01101001 01101110 01101111 01101011 00111010 00100000 101100001 01101001
01110010 01100100 01101001 01110011 00100000 01101110 01100101 01110100 01110101 01110010 01101001 00100000
01110011 01101001 01100101 01101110 101110011 00101110 00001010 00001010 01000001 101100001 00100000 01100101
01110011 01110101 00100000 101111110 01101101 01101111 01100111 01110101 01110011 00101110 00001010 00001010
01000001 101100001 00100000 01101110 01100101 101111110 01101001 01101110 01100001 01110101 00100000 01110110
01101001 01110011 01101011 01101111 00101110 00001010 01000010 01100101 01110100 00100000 01100001 101100001
00100000 01101010 01100001 01110101 100001101 01101001 01110101 00101110 00001010 01001001 01110010 00100000
01110100 01100001 01101001 00100000 10000000010011 00100000 01101101 01100001 01101110 01101111 00100000 01100100
01101001 01100100 101111110 01101001 01100001 01110101 01110011 01101001 01100001 00100000 01100111 01100001
01101100 01101001 01100001 00101110 00001010 01000001 101100001 00100000 01101101 01111001 01101100 01101001
01110101 00100000 01101110 01100101 01110100 00100000 01110100 01100001 01100100 01100001 00101100 00100000
01101011 01100001 01101001 00100000 01100010 01101001 01101010 01100001 01110101 00101110 00001010 01000001
101100001 00100000 01100001 01110100 01101100 01100101 01101001 01100100 101111110 01101001 01110101 00100000
01101110 01100101 01110100 00100000 01110100 01100001 01100100 01100001 00101100 00100000 01101011 01100001
01101001 00100000 01101101 01100001 01101110 00100000 01110011 01101011 01100001 01110101 01100100 01100001
00101110 00001010 01000001 101100001 00100000 01110100 01101001 01101011 01101001 01110101 00100000 01101110
01100101 01110100 00100000 01110100 01100001 01100100 01100001 00101100 00100000 01101011 01100001 01101001
00100000 01110110 01101001 01110011 01101011 01100001 01110011 00100000 01100111 01110010 01101001 101101011
01110110 01100001 00101110 00001010 00001010 01001010 01100101 01101001 01100111 01110101 00100000 01110100
01110101 00100000 01110100 01100001 01101001 00100000 01110011 01101011 01100001 01101001 01110100 01100001
01101001 00100000 10000000010011 00100000 01100001 101100001 00100000 01110000 01100001 01110011 01101001 01110100
01101001 01101011 01101001 01110101 00100000 01110100 01100001 01110110 01101001 01101101 01101001 00101110
00001010 01001110 01100101 00100000 01101011 01100001 01101001 01110000 00100000 01101101 01100001 101100001
01101001 01101110 01100001 00101110 00100000 01001110 01100101 00100000 01101011 01100001 01101001 01110000
00100000 01101011 01101111 01100100 01110101 00101110 00100000 01000010 01100101 01110100 00100000 01101011
01100001 01101001 01110000 00100000 01100010 101101011 01110011 01100101 01101110 01100001 00101100 00100000
01101011 01110101 01110010 01101001 00100000 01100111 01100001 01101100 01101001 00100000 01110000 01100001
101111110 01101001 01101110 01110100 01101001 00100000 01100111 01100101 01110010 01110101 01101101 100000101
00101110 00001010 00001010 01001101 01100001 01101110 01101111 00100000 101100001 01101001 01110010 01100100
01101001 01110011 00100000 01110000 01101100 01100001 01101011 01100001 00100000 10000000010011 00100000 01101001
01110010 00100000 01101010 01101001 00100000 01110011 01101001 01110101 01101110 100001101 01101001 01100001
00100000 01110100 01100001 01110101 00100000 101111110 01101001 01101110 01110101 01110100 100011001 00101110
00001010 00001010 01000001 101100001 00100000 01101110 01100101 101111110 01101001 01101110 01100001 01110101
00101100 00100000 01100001 01110010 00100000 01110100 01110101 00100000 01101010 100000101 00100000 01101001
101100001 01100111 01101001 01110010 01110011 01101001 00101110 00001010 01000001 101100001 00100000 01101110
01100101 101111110 01101001 01101110 01100001 01110101 00101100 00100000 01100001 01110010 00100000 01110100
01100001 01110101 00100000 01101100 01100101 01101001 01110011 01110100 01100001 00100000 01101010 100000101
00100000 01110011 01100001 01110101 01100111 01101111 01110100 01101001 00101110 00001010 01000010 01100101
01110100 00100000 01101010 01100101 01101001 00100000 01110100 01110101 00100000 01101011 01100001 01100100
01100001 00100000 01101110 01101111 01110010 01110011 00100000 01110000 01100001 01101010 01110101 01110011
01101001 00100000 01101101 01100001 101111110 100000101 00100000 01100001 01100010 01100101 01101010 01101111
01101110 100011001 00101100 00100000 01101101 01100001 101111110 100000101 00100000 101111110 01111001 01100010
01110011 01101110 100101111 00101100 00100000 01101011 01100001 101111110 01101011 100000101 00101100 00100000
01101011 01101111 00100000 01101110 01100101 01101001 101100001 01100001 01101001 101100001 01101011 01101001
01101110 01100001 00100000 01101011 01101111 01100100 01100001 01110011 00100000 10000000010011 00001010 101111110
01101001 01101110 01101111 01101011 00111010 00100000 01110100 01100001 01101001 00100000 101111110 01101101
01101111 01100111 01100001 01110101 01110011 00100000 01101101 01100101 01101001 01101100 100010111 00100000
01110000 01100001 01110011 01101001 01100101 01101011 100010111 00100000 01110100 01100001 01110110 01100101
00101110 00001010 00001010 01001010 01100101 01101001 00100000 01101011 01100001 01100100 01100001 00100000
01101110 01101111 01110010 01110011 00100000 01110000 01100001 01110011 01101001 01110010 01101001 01101110
01101011 01110011 01101001 00100000 01110100 01101001 01100101 01110011 100000101 00101100 00100000 01101110
01100101 00100000 01101101 01100101 01101100 100000101 00100000 10000000010011 00100000 01101110 01100101 01110100
00100000 01101001 01110010 00100000 01110100 01111001 01101100 01101001 01100001 01101001 00100000 10000000010011
00001010 101111110 01101001 01101110 01101111 01101011 00111010 00100000 01110100 01100001 01110110 01101111
00100000 101111110 01101001 01101110 01100111 01110011 01101110 01101001 01110011 00100000 01101010 01100001
01110101 00100000 01111001 01110010 01100001 00100000 01110010 01100101 01110110 01101111 01101100 01101001
01110101 01100011 01101001 01101010 01100001 00101110 00001010 01010100 01110101 00100000 01101110 01100101
01110000 01110010 01101001 01110110 01100001 01101100 01100001 01101001 00100000 01110000 01100001 01101011
01101100 01110101 01110011 01110100 01101001 00100000 01101110 01100101 01110100 01100101 01101001 01110011
01111001 01100010 01100101 01101001 00101110 00001010 01010100 01110101 00100000 01100111 01100001 01101100
01101001 00100000 01100111 01101001 01101110 01110100 01101001 00101110 00100000 01010100 01110101 00100000
01100111 01100001 01101100 01101001 00100000 01110011 01100001 01110101 01100111 01101111 01110100 01101001
00101110 00001010 01010100 01110101 00100000 01100111 01100001 01101100 01101001 00100000 01101101 01111001
01101100 100010111 01110100 01101001 00100000 10000000010011 00100000 01101110 01100101 01110100 00100000 01101010
01100101 01101001 00100000 01110100 01100001 01110101 00100000 01101100 01101001 01100101 01110000 01101001
01100001 00100000 01110100 01101001 01101011 00100000 01110110 01111001 01101011 01100100 01111001 01110100
01101001 00101110 00001010 00001010 01000001 01110010 00100000 01110100 01110101 00100000 01110011 01110101
01110000 01110010 01100001 01110100 01100001 01101001 00111111 00100000 01001110 01100101 01110100 00100000
01101010 01100101 01101001 00100000 01101110 01100101 00100000 01101001 101100001 01101011 01100001 01110010
01110100 00100000 10000000010011 00100000 101111110 01101001 01101110 01101111 01101011 00111010 00100000 01110100
01110101 00100000 01100010 01110101 01110110 01100001 01101001 00100000 01110000 01100001 01101100 01101001
01100101 01110011 01110100 01100001 01110011 00101110 00100000 01001001 01110010 00100000 01110100 01100001
01101001 00100000 01101010 01100001 01110101 00100000 01110000 01110010 01100001 01100100 101111110 01101001
01100001 00101110 00001010 00001010 01001111 00100000 01101010 01100101 01101001 00100000 01110011 01101001
01110011 01110100 01100101 01101101 01100001 00100000 01101100 01101001 01100101 01110000 01110011 00100000
01110100 01100001 01110101 00100000 01110000 01100001 01101101 01101001 01110010 101100001 01110100 01101001
00100000 10000000010011 00100000 01110100 01100001 01110110 01101111 00100000 01100111 01101001 01101100 01101001
01100001 01110101 01110011 01101001 01100001 00100000 01100001 01110100 01101101 01101001 01101110 01110100
01101001 01110011 00100000 01101010 01100001 01110101 00100000 101111110 01101001 01101110 01101111 01110011
00101100 00100000 01101011 01100001 01100100 00100000 01110100 01110101 00100000 01101101 01100001 01110100
01100101 01101001 00100000 101111110 01101101 01101111 01100111 01100001 01110101 01110011 00100000 101100001
01101001 01110010 01100100 100101111 00101110 00001010